theta3 = 0;

d0 = 1;
d1 = 0;
d2 = 0;
d4 = 0;

%m
a1 = 0.5;
a2 = 0.5;
a3 = 0;
a4 = 0;

%rad
alpha1 = 0;
alpha2 = pi;
alpha3 = 0;
alpha4 = 0;

%m
l1 = 0.25;
l2 = 0.25;

%kg
ml1 = 20;
ml2 = 20;
ml3 = 10;

%kg*m^2
Il1 = 4;
Il2 = 4;
Il4 = 1;

%rad/m
kr1 = 1;
kr2 = 1;
kr3 = 50;
kr4 = 20;

%kg*m2
Im1 = 0.01;
Im2 = 0.01;
Im3 = 0.005;
Im4 = 0.001;

%N*m*s/rad
Fm1 = 0.00005;
Fm2 = 0.00005;
Fm3 = 0.01;
Fm4 = 0.005;

Tc = 0.001; %1ms